{"labels":["w_ace","w_df","w_svpt","w_1stIn","w_1stWon","w_bpSaved","minutes"],"matrix":[[1.0,0.2503157666,0.3419333432,0.3291202027,0.4671275926,0.0411088954,0.2804411219],[0.2503157666,1.0,0.4770567763,0.374661892,0.3877159063,0.3271614644,0.4310369152],[0.3419333432,0.4770567763,1.0,0.9542173556,0.9189935984,0.6104204997,0.9375701175],[0.3291202027,0.374661892,0.9542173556,1.0,0.9599499018,0.5708264151,0.8930954579],[0.4671275926,0.3877159063,0.9189935984,0.9599499018,1.0,0.4641247055,0.8552210334],[0.0411088954,0.3271614644,0.6104204997,0.5708264151,0.4641247055,1.0,0.5221222481],[0.2804411219,0.4310369152,0.9375701175,0.8930954579,0.8552210334,0.5221222481,1.0]]}